version https://git-lfs.github.com/spec/v1
oid sha256:d95e6cd7c166ae41d99178ed61883bb8aec4e1cc8ea598058237d538cc5282e0
size 211
