version https://git-lfs.github.com/spec/v1
oid sha256:1a52e9176beea7202b7c6d16fcded14c915b7432f71b5e1a917ade2941962a66
size 223
