version https://git-lfs.github.com/spec/v1
oid sha256:8ac59365789083ed0c48f9d696f93c1608febf785fc803d1b0a91b3e2985ca48
size 25
