version https://git-lfs.github.com/spec/v1
oid sha256:bbb19dafec74444724a33aa18b5bd5685e55a4535e1fdb65ed76531d1dbf61a2
size 25
