version https://git-lfs.github.com/spec/v1
oid sha256:9d8739bc4a9b1d3f292fd198973658358e9605e56444134ddfe401ca2db292be
size 228
