version https://git-lfs.github.com/spec/v1
oid sha256:91a57c5ccb61ad53032c804b932101e7deeb83c37c21f170c0dcef1084b2f6e1
size 220
