version https://git-lfs.github.com/spec/v1
oid sha256:d937ae97e528717308164b4f13efdc044c543841f099a3ef6377707bda5d93e4
size 25
