version https://git-lfs.github.com/spec/v1
oid sha256:065ce0a1d211a7209212d51c1029981dacca193f4072d008d27d95457f41dd64
size 25
