version https://git-lfs.github.com/spec/v1
oid sha256:e23b4f814935d968f9e531c7c8128b0419221aa5b343d190cdb9e5de816022f6
size 25
