version https://git-lfs.github.com/spec/v1
oid sha256:61c3739ed35a46732c4fd9472498498d9348638c012efe350c7982bd7a859aca
size 233
