version https://git-lfs.github.com/spec/v1
oid sha256:745b971eaa02e376ba0cd5d78d419868c17ae2fed5c3573bfa8185db167fbd8c
size 26
