version https://git-lfs.github.com/spec/v1
oid sha256:3f3c6c64031e418721c9668deda734ede42c9974da3e62ffd95abfac7370e07f
size 219
