version https://git-lfs.github.com/spec/v1
oid sha256:595aee0957b904e86a22cb82287bc2da8d36e5293e1cfeaefb73dc7d8fdab81c
size 25
