version https://git-lfs.github.com/spec/v1
oid sha256:9397c93da0c246d8b1742dcd3805866854990a5fe1b2fbf49b308fc3cd68b3fd
size 226
