version https://git-lfs.github.com/spec/v1
oid sha256:557642a54b562ca5553a37ed0c8798cfda1177adb54734f76df8962c6cd73aa4
size 227
