version https://git-lfs.github.com/spec/v1
oid sha256:ca6c40825943e2078299eaec7ffb40676101d454360de903d4179c376f9b2aca
size 25
