version https://git-lfs.github.com/spec/v1
oid sha256:f4b61e5c8fd4d4d5a9f1f971f5339d59695ed06f67f6dea0933d80e0c0ce4460
size 25
