version https://git-lfs.github.com/spec/v1
oid sha256:a9413510ab13a2623316fe038397389a8e5e59e1f4b56026b0751e60cedff18f
size 25
