version https://git-lfs.github.com/spec/v1
oid sha256:6bd25478e1e330e544fafd6db169cf2dd8934e457840d7e6dbe2e1e7d9272f4d
size 25
