version https://git-lfs.github.com/spec/v1
oid sha256:fb6ccbf4b63aad220050ee4e277827b70da1f181dbd480e34be790f786299ddb
size 221
