version https://git-lfs.github.com/spec/v1
oid sha256:357666a1ce182dba988cbdd5f82901b876598407abf8995ee6bfa84c5a4bed77
size 25
