version https://git-lfs.github.com/spec/v1
oid sha256:45e10d0ca6c4c237f32656e6e1af8754181b97c1526ddce35f09048c56010fea
size 234
