version https://git-lfs.github.com/spec/v1
oid sha256:3ddf1091eefd416b080bdd0d860927920916f5138c0a70bc3ffe0ae6b0f12b19
size 237
