version https://git-lfs.github.com/spec/v1
oid sha256:19dbeec94b959e125460a609aa6c121b8d4d060c88b26004be39a3ab80fbdc5d
size 25
