version https://git-lfs.github.com/spec/v1
oid sha256:f4b22dd30370252485ed2e65a61fc08b4adb0c88b2f6ff192959a323b9eab0b0
size 25
