version https://git-lfs.github.com/spec/v1
oid sha256:5f6e693ff2396f14df588cc851da57f2cfed5edf542980ca4cd0a0b39ffc26e6
size 211
