version https://git-lfs.github.com/spec/v1
oid sha256:32fc6a6795b7445a1a191eb34f8d300e66a7771847e461357a65757b0517e1fa
size 25
