version https://git-lfs.github.com/spec/v1
oid sha256:9cb18931b0cc3605b6c6a94326a93d3b095aa8e88841a8e3cf7d42054dac6dd0
size 25
