version https://git-lfs.github.com/spec/v1
oid sha256:e8bdb888132810f186bcf13604e5bb0e9afba1b273d91325ddce22d8bba594b4
size 25
