version https://git-lfs.github.com/spec/v1
oid sha256:5deea9a31b3dcc09fdd54a0e2e5c2cf0b2f964d16ec6d4ab20754dad71c26c45
size 25
