version https://git-lfs.github.com/spec/v1
oid sha256:92db8e852cb0b9e374d278c28e70a0b4a503aa950efc587d90d4481b74ba422b
size 25
