version https://git-lfs.github.com/spec/v1
oid sha256:72dc73525158aa5a68e5d45d1f797eea0c686a4dc0923a40d3f07ba465fc867c
size 25
