version https://git-lfs.github.com/spec/v1
oid sha256:a5c1c66b6f0be6afdf47bb686bd0bc46d61ec3a701395d7e7ab7569cc4a6d73f
size 25
