version https://git-lfs.github.com/spec/v1
oid sha256:85c4b248e2de20313daee52a581e6cb501acc517683962b7bb0fa745ec035efc
size 220
