version https://git-lfs.github.com/spec/v1
oid sha256:ffabb372a41dbfdf62a9003bcd65b13940202edad55bd51fdf2aba6bf42c4089
size 25
