version https://git-lfs.github.com/spec/v1
oid sha256:1738ecb32db1e61617f032cec20c081fbe7fe0ccd1ede95c2438228c946e9e05
size 25
