version https://git-lfs.github.com/spec/v1
oid sha256:99ef6e4e4f7bceb55d227060302d0b6ff8de7df9f950df6f72db1631bbe20442
size 26
