version https://git-lfs.github.com/spec/v1
oid sha256:8191161e88114251356b3803d2c8e822380f2b9f760b43dccd3c349cc52ecdc3
size 25
